1, 1,  0.001634028,  0.324940796,  0.324948222,  0.325946302 
1, 2,  0.001128768,  0.329126937,  0.329132989,  0.329740990 
1, 3,  0.001171058,  0.330413175,  0.330419044,  0.331091067 
1, 4,  0.001223658,  0.320438017,  0.320443656,  0.321100156 
1, 5,  0.001208955,  0.320681300,  0.320687722,  0.321476875 
1, 6,  0.001160113,  0.320192402,  0.320198891,  0.320974154 
1, 7,  0.001218251,  0.328825841,  0.328832258,  0.329498085 
1, 8,  0.001184018,  0.320183233,  0.320187542,  0.320797486 
1, 9,  0.001214278,  0.333325375,  0.333332903,  0.334020683 
1, 10,  0.001209486,  0.320479345,  0.320485412,  0.321139127 
2, 1,  0.001152741,  0.167524084,  0.167528837,  0.168199114 
2, 2,  0.001135565,  0.161101425,  0.161106612,  0.161849769 
2, 3,  0.001244730,  0.161728852,  0.161733748,  0.162494658 
2, 4,  0.001413584,  0.162337359,  0.162342298,  0.163124633 
2, 5,  0.001249245,  0.160335527,  0.160340149,  0.160953818 
2, 6,  0.001107725,  0.163673876,  0.163681384,  0.164562270 
2, 7,  0.001145971,  0.161048618,  0.161054550,  0.162024725 
2, 8,  0.001138433,  0.160594305,  0.160599955,  0.161180730 
2, 9,  0.001100888,  0.164079350,  0.164086393,  0.165106145 
2, 10,  0.001158689,  0.160387712,  0.160393315,  0.161080689 
3, 1,  0.001168052,  0.118559661,  0.118564827,  0.119300984 
3, 2,  0.001163938,  0.108298552,  0.108302931,  0.108941159 
3, 3,  0.001125093,  0.114082438,  0.114113022,  0.114966805 
3, 4,  0.001360427,  0.111931255,  0.111935519,  0.112528388 
3, 5,  0.001098075,  0.110806179,  0.110811172,  0.111452532 
3, 6,  0.001133276,  0.107271883,  0.107276387,  0.107891393 
3, 7,  0.001099304,  0.112657488,  0.112662028,  0.113347870 
3, 8,  0.001099032,  0.110772411,  0.110777498,  0.111385743 
3, 9,  0.001173530,  0.109547346,  0.109554692,  0.110258846 
3, 10,  0.001201679,  0.109335094,  0.109339843,  0.160547521 
4, 1,  0.001699205,  0.097331408,  0.097337091,  0.098546946 
4, 2,  0.002525420,  0.084629618,  0.084647372,  0.085338451 
4, 3,  0.001149668,  0.084529613,  0.084534348,  0.085181255 
4, 4,  0.001127532,  0.084703025,  0.084706698,  0.085353730 
4, 5,  0.001081165,  0.082113575,  0.082123094,  0.082768392 
4, 6,  0.001124485,  0.083565574,  0.083569566,  0.084191231 
4, 7,  0.001080250,  0.086312638,  0.086317232,  0.087065066 
4, 8,  0.001140835,  0.085166498,  0.085171922,  0.085867880 
4, 9,  0.001152675,  0.082757349,  0.082761554,  0.083339138 
4, 10,  0.001088235,  0.080916430,  0.080920220,  0.081464422 
5, 1,  0.001068022,  0.077700497,  0.077704843,  0.078335396 
5, 2,  0.001079365,  0.073607160,  0.073612087,  0.074313365 
5, 3,  0.001141382,  0.074669976,  0.074675442,  0.075353368 
5, 4,  0.001112015,  0.075175227,  0.075178942,  0.075884270 
5, 5,  0.001153894,  0.073151522,  0.073157524,  0.073932446 
5, 6,  0.001138340,  0.074363428,  0.074367467,  0.075052611 
5, 7,  0.001059253,  0.072084714,  0.072087956,  0.072698526 
5, 8,  0.001040355,  0.073478084,  0.073481625,  0.074143370 
5, 9,  0.001051181,  0.076170712,  0.076176696,  0.076892081 
5, 10,  0.001103678,  0.072123517,  0.072127352,  0.072753978 
6, 1,  0.001047979,  0.064760750,  0.064763823,  0.065382010 
6, 2,  0.001083906,  0.059697684,  0.059702288,  0.060411850 
6, 3,  0.001154555,  0.054772856,  0.054777582,  0.055318110 
6, 4,  0.001100622,  0.057878117,  0.057882061,  0.058573143 
6, 5,  0.001121933,  0.057940937,  0.057944929,  0.058636997 
6, 6,  0.001088038,  0.054784817,  0.054787652,  0.055387326 
6, 7,  0.001085430,  0.056540892,  0.056545507,  0.057110699 
6, 8,  0.001117627,  0.054669032,  0.054673290,  0.055313855 
6, 9,  0.001142358,  0.063868562,  0.063874477,  0.064591891 
6, 10,  0.001189850,  0.061526031,  0.061530714,  0.062134205 
7, 1,  0.001091922,  0.057781815,  0.057789739,  0.058649501 
7, 2,  0.001124029,  0.058178307,  0.058182481,  0.058886735 
7, 3,  0.001107799,  0.055795661,  0.055799885,  0.056495303 
7, 4,  0.001053228,  0.064055809,  0.064058943,  0.064748341 
7, 5,  0.001077098,  0.057897356,  0.057901605,  0.058557017 
7, 6,  0.001052230,  0.056595680,  0.056600378,  0.057323284 
7, 7,  0.001134950,  0.056844415,  0.056849398,  0.057601122 
7, 8,  0.001098812,  0.058187975,  0.058191999,  0.058784063 
7, 9,  0.001119834,  0.058183515,  0.058187512,  0.058709497 
7, 10,  0.001120514,  0.057501077,  0.057505267,  0.058219699 
8, 1,  0.001097638,  0.047426275,  0.047430398,  0.048144052 
8, 2,  0.001093910,  0.054199380,  0.054202902,  0.054926260 
8, 3,  0.001128530,  0.051657475,  0.051661653,  0.052331067 
8, 4,  0.001121712,  0.049811207,  0.049814658,  0.050404074 
8, 5,  0.001071282,  0.048433551,  0.048436070,  0.049065920 
8, 6,  0.001099906,  0.055245250,  0.055249012,  0.055955782 
8, 7,  0.001062356,  0.048462144,  0.048467115,  0.049189893 
8, 8,  0.001084000,  0.055953866,  0.055959341,  0.056720518 
8, 9,  0.001111227,  0.056597787,  0.056601675,  0.057283798 
8, 10,  0.001110919,  0.047961889,  0.047972926,  0.048695446 
9, 1,  0.001103872,  0.048876752,  0.048881025,  0.049448122 
9, 2,  0.001060518,  0.046981756,  0.046985885,  0.047647961 
9, 3,  0.001101552,  0.046724105,  0.046727508,  0.047398837 
9, 4,  0.001134858,  0.052568991,  0.052577953,  0.053306181 
9, 5,  0.001140591,  0.047177470,  0.047186258,  0.047806691 
9, 6,  0.001076772,  0.047216659,  0.047230705,  0.047922085 
9, 7,  0.001119127,  0.046950341,  0.046953687,  0.047611144 
9, 8,  0.001087405,  0.047160036,  0.047174382,  0.047890028 
9, 9,  0.001076588,  0.047554795,  0.047560378,  0.048279045 
9, 10,  0.001102850,  0.046698377,  0.046703638,  0.047365947 
10, 1,  0.001083171,  0.049445858,  0.049450776,  0.050121258 
10, 2,  0.001100793,  0.045262692,  0.045266881,  0.045943508 
10, 3,  0.001100388,  0.046728792,  0.046732500,  0.047487202 
10, 4,  0.001041082,  0.042695922,  0.042699183,  0.043394034 
10, 5,  0.001104100,  0.046688688,  0.046692478,  0.047304411 
10, 6,  0.001100025,  0.044676274,  0.044679921,  0.045371292 
10, 7,  0.001108851,  0.048808506,  0.048812020,  0.049518168 
10, 8,  0.001103606,  0.048419896,  0.048424224,  0.049100916 
10, 9,  0.001162081,  0.046881444,  0.046886254,  0.047470219 
10, 10,  0.001097515,  0.046622732,  0.046628278,  0.047351691 
11, 1,  0.001138035,  0.043856506,  0.043860435,  0.044433657 
11, 2,  0.001120564,  0.044904342,  0.044912792,  0.045722437 
11, 3,  0.001102235,  0.044028707,  0.044032203,  0.044611861 
11, 4,  0.001080575,  0.048966125,  0.048970716,  0.049715505 
11, 5,  0.001125122,  0.043491258,  0.043495102,  0.044169749 
11, 6,  0.001079231,  0.038624761,  0.038628752,  0.039291904 
11, 7,  0.001055817,  0.045010027,  0.045014072,  0.045626401 
11, 8,  0.001062937,  0.044717016,  0.044720059,  0.045369136 
11, 9,  0.001058339,  0.037980701,  0.037984922,  0.038722358 
11, 10,  0.001081551,  0.044483356,  0.044487078,  0.045161812 
12, 1,  0.001111748,  0.036122755,  0.036127068,  0.036801375 
12, 2,  0.001077635,  0.036445158,  0.036449466,  0.037171534 
12, 3,  0.001073367,  0.039481642,  0.039486436,  0.040122703 
12, 4,  0.001108635,  0.036713499,  0.036718425,  0.037413232 
12, 5,  0.001278447,  0.036089983,  0.036094972,  0.036760144 
12, 6,  0.001088306,  0.036318760,  0.036323280,  0.036961643 
12, 7,  0.001071114,  0.037941803,  0.037954034,  0.038624874 
12, 8,  0.001067346,  0.036054512,  0.036058618,  0.036839480 
12, 9,  0.001068012,  0.036055658,  0.036059440,  0.036728882 
12, 10,  0.001054235,  0.036345931,  0.036349779,  0.037032436 
13, 1,  0.001057282,  0.035947406,  0.035951956,  0.036634252 
13, 2,  0.001056294,  0.036872871,  0.036877019,  0.037574902 
13, 3,  0.001058215,  0.035810233,  0.035814244,  0.036490475 
13, 4,  0.001050548,  0.036337975,  0.036341868,  0.037035901 
13, 5,  0.001079607,  0.036148721,  0.036153874,  0.036893001 
13, 6,  0.001105061,  0.036201439,  0.036206528,  0.036946021 
13, 7,  0.001177221,  0.040403401,  0.040408595,  0.041096223 
13, 8,  0.001171580,  0.037648672,  0.037655890,  0.038514188 
13, 9,  0.001109293,  0.039280493,  0.039285248,  0.039890934 
13, 10,  0.001105582,  0.039659586,  0.039662795,  0.040323038 
14, 1,  0.001043743,  0.037622807,  0.037626580,  0.038234051 
14, 2,  0.001058279,  0.043657671,  0.043662004,  0.044396578 
14, 3,  0.001124281,  0.036090427,  0.036094790,  0.036806528 
14, 4,  0.001037244,  0.037127168,  0.037130998,  0.037828365 
14, 5,  0.001052615,  0.037228867,  0.037233223,  0.037924800 
14, 6,  0.001051300,  0.035672337,  0.035676530,  0.036364223 
14, 7,  0.001102635,  0.042188719,  0.042194074,  0.042899305 
14, 8,  0.001086056,  0.039269558,  0.039273021,  0.039967330 
14, 9,  0.001123404,  0.042361888,  0.042365420,  0.043064628 
14, 10,  0.001278243,  0.039219535,  0.039225095,  0.039919985 
15, 1,  0.001126534,  0.035754668,  0.035761495,  0.036468594 
15, 2,  0.001084055,  0.036844009,  0.036849070,  0.037559832 
15, 3,  0.001086657,  0.043283871,  0.043288144,  0.043835761 
15, 4,  0.001086116,  0.044531594,  0.044535313,  0.045224121 
15, 5,  0.001050157,  0.044628738,  0.044632607,  0.045273904 
15, 6,  0.001050800,  0.035918049,  0.035921408,  0.036571319 
15, 7,  0.001081338,  0.042981596,  0.042985926,  0.043674687 
15, 8,  0.001089968,  0.043106638,  0.043110741,  0.043812134 
15, 9,  0.001105594,  0.042885897,  0.042889937,  0.043582782 
15, 10,  0.001102195,  0.043185227,  0.043189182,  0.043849915 
16, 1,  0.001115484,  0.042854018,  0.042860316,  0.043563827 
16, 2,  0.001306907,  0.043164608,  0.043168401,  0.043828491 
16, 3,  0.001148360,  0.043477881,  0.043483941,  0.044274357 
16, 4,  0.001231550,  0.036036627,  0.036044811,  0.036703100 
16, 5,  0.001089428,  0.043105268,  0.043109023,  0.043823149 
16, 6,  0.001129472,  0.043043312,  0.043047431,  0.043764362 
16, 7,  0.001073589,  0.043001564,  0.043005265,  0.043655225 
16, 8,  0.001083751,  0.041117676,  0.041122388,  0.041790986 
16, 9,  0.001077649,  0.044337189,  0.044341818,  0.045016635 
16, 10,  0.001065492,  0.042798332,  0.042801588,  0.043501248 
17, 1,  0.001048331,  0.042955394,  0.042959928,  0.043652334 
17, 2,  0.001038915,  0.035431792,  0.035435412,  0.036051161 
17, 3,  0.001080818,  0.043109688,  0.043114226,  0.043731762 
17, 4,  0.001161446,  0.042610611,  0.042614943,  0.043259598 
17, 5,  0.001327178,  0.039649525,  0.039654888,  0.040404271 
17, 6,  0.001044170,  0.042664917,  0.042669485,  0.043329371 
17, 7,  0.001097965,  0.038095812,  0.038100498,  0.038837938 
17, 8,  0.001067681,  0.037454109,  0.037458682,  0.038105873 
17, 9,  0.001059984,  0.043183552,  0.043188550,  0.043753234 
17, 10,  0.001069565,  0.042368373,  0.042373101,  0.043057411 
18, 1,  0.001083557,  0.034623850,  0.034627825,  0.035242594 
18, 2,  0.001045727,  0.034770615,  0.034784282,  0.035450318 
18, 3,  0.001046998,  0.034252235,  0.034256284,  0.034877395 
18, 4,  0.001057291,  0.034133755,  0.034137642,  0.034732688 
18, 5,  0.001128427,  0.034231541,  0.034235039,  0.034877892 
18, 6,  0.001230528,  0.034513104,  0.034517083,  0.035128152 
18, 7,  0.001290372,  0.034337596,  0.034342252,  0.034984759 
18, 8,  0.001060870,  0.034798658,  0.034802466,  0.035421669 
18, 9,  0.001054979,  0.034865907,  0.034870260,  0.035572436 
18, 10,  0.001053862,  0.034140701,  0.034145695,  0.034807014 
19, 1,  0.001099159,  0.034294734,  0.034302933,  0.034988280 
19, 2,  0.001092377,  0.034522576,  0.034528238,  0.035241025 
19, 3,  0.001087636,  0.034794874,  0.034800405,  0.035397477 
19, 4,  0.001082023,  0.034358128,  0.034362558,  0.034905248 
19, 5,  0.001053877,  0.034196688,  0.034200889,  0.034822293 
19, 6,  0.001072718,  0.034096692,  0.034100729,  0.034716918 
19, 7,  0.001062396,  0.034360705,  0.034363969,  0.034970612 
19, 8,  0.001055142,  0.034491635,  0.034496775,  0.035138316 
19, 9,  0.001059074,  0.034138503,  0.034142717,  0.034809127 
19, 10,  0.001208968,  0.034212056,  0.034216240,  0.034839101 
20, 1,  0.001260212,  0.034331908,  0.034336378,  0.034899778 
20, 2,  0.001031598,  0.034053290,  0.034056960,  0.034659805 
20, 3,  0.001051471,  0.034025105,  0.034029654,  0.034656537 
20, 4,  0.001055015,  0.034048867,  0.034053373,  0.034663201 
20, 5,  0.001056608,  0.033823808,  0.033827495,  0.034441065 
20, 6,  0.001041058,  0.034235622,  0.034239802,  0.034868330 
20, 7,  0.001062829,  0.034567734,  0.034573622,  0.035262685 
20, 8,  0.001067825,  0.034264099,  0.034268803,  0.034825620 
20, 9,  0.001059644,  0.040304427,  0.040309468,  0.041162158 
20, 10,  0.001069405,  0.034197647,  0.034201632,  0.034796978 
21, 1,  0.001146849,  0.040656435,  0.040660597,  0.041315875 
21, 2,  0.001404903,  0.034818549,  0.034822292,  0.035499540 
21, 3,  0.001044931,  0.038655462,  0.038659799,  0.039364689 
21, 4,  0.001053068,  0.034496490,  0.034500907,  0.035171369 
21, 5,  0.001062653,  0.040681493,  0.040686307,  0.041335894 
21, 6,  0.001085699,  0.035133401,  0.035139103,  0.035882081 
21, 7,  0.001131617,  0.036103569,  0.036108682,  0.036790011 
21, 8,  0.001124028,  0.034130046,  0.034135075,  0.034798435 
21, 9,  0.001090036,  0.034267332,  0.034271538,  0.034853865 
21, 10,  0.001078511,  0.034216880,  0.034224392,  0.034953913 
22, 1,  0.001105671,  0.035669988,  0.035673835,  0.036282882 
22, 2,  0.001102458,  0.036100211,  0.036105825,  0.036842750 
22, 3,  0.001093078,  0.038822552,  0.038827257,  0.039558576 
22, 4,  0.001077369,  0.034696624,  0.034700602,  0.035446079 
22, 5,  0.001049465,  0.035514094,  0.035518690,  0.036241759 
22, 6,  0.001065408,  0.044192876,  0.044197105,  0.044899878 
22, 7,  0.001102487,  0.034767800,  0.034773109,  0.035507627 
22, 8,  0.001144642,  0.037840497,  0.037845158,  0.038474639 
22, 9,  0.001387187,  0.037110599,  0.037115194,  0.037842485 
22, 10,  0.001078542,  0.036029609,  0.036036255,  0.036837285 
23, 1,  0.001091609,  0.036568055,  0.036573421,  0.037368503 
23, 2,  0.001112235,  0.034133447,  0.034138375,  0.034709435 
23, 3,  0.001054410,  0.036026303,  0.036031789,  0.036781660 
23, 4,  0.001344088,  0.058384322,  0.058390809,  0.059189612 
23, 5,  0.001306376,  0.050378166,  0.050384822,  0.051117035 
23, 6,  0.001335505,  0.048592602,  0.048598880,  0.049391852 
23, 7,  0.001347577,  0.047769695,  0.047774931,  0.048474095 
23, 8,  0.001428575,  0.051122285,  0.051128205,  0.051887585 
23, 9,  0.001371016,  0.054017972,  0.054023002,  0.054872608 
23, 10,  0.001262862,  0.056594210,  0.056600466,  0.057270916 
24, 1,  0.001239374,  0.055675273,  0.055682831,  0.056516083 
24, 2,  0.001295127,  0.056767246,  0.056774038,  0.057596832 
24, 3,  0.001234924,  0.057950758,  0.057956882,  0.058732563 
24, 4,  0.001249246,  0.049488748,  0.049497330,  0.050347432 
24, 5,  0.001275572,  0.050144270,  0.050149478,  0.050961864 
24, 6,  0.001320424,  0.053792744,  0.053798082,  0.054539693 
24, 7,  0.001249200,  0.054129180,  0.054133572,  0.054900847 
24, 8,  0.001230655,  0.051128380,  0.051133622,  0.051930392 
24, 9,  0.001265169,  0.052567544,  0.052573293,  0.053386432 
24, 10,  0.001248206,  0.047739185,  0.047744696,  0.048525657 
25, 1,  0.001242546,  0.047415314,  0.047421488,  0.048175543 
25, 2,  0.001329626,  0.050542084,  0.050548312,  0.051391128 
25, 3,  0.001740816,  0.051749245,  0.051755145,  0.052640483 
25, 4,  0.001269782,  0.054398189,  0.054404918,  0.055158099 
25, 5,  0.001313232,  0.053546885,  0.053551701,  0.054386232 
25, 6,  0.001319989,  0.053586162,  0.053592414,  0.054345728 
25, 7,  0.001270215,  0.052661478,  0.052665972,  0.053415537 
25, 8,  0.001241205,  0.054570488,  0.054575821,  0.055300988 
25, 9,  0.001287985,  0.054954878,  0.054961376,  0.055760918 
25, 10,  0.001265628,  0.059062860,  0.059070205,  0.059971852 
26, 1,  0.001270152,  0.061646290,  0.061654385,  0.062518334 
26, 2,  0.001306111,  0.068737104,  0.068742792,  0.069452862 
26, 3,  0.001247260,  0.049490961,  0.049499517,  0.050501917 
26, 4,  0.001311024,  0.054566855,  0.054572678,  0.055436052 
26, 5,  0.001273974,  0.052839112,  0.052844071,  0.053665715 
26, 6,  0.001284655,  0.054522769,  0.054528993,  0.055306274 
26, 7,  0.001280807,  0.056837299,  0.056842588,  0.057526437 
26, 8,  0.001304763,  0.050738522,  0.050743632,  0.051516904 
26, 9,  0.001482174,  0.049260187,  0.049265805,  0.050063972 
26, 10,  0.001370452,  0.053085637,  0.053090929,  0.053946897 
27, 1,  0.001258096,  0.049485538,  0.049492285,  0.050209208 
27, 2,  0.001263966,  0.039973372,  0.039978958,  0.040746995 
27, 3,  0.001095539,  0.042520835,  0.042525739,  0.043247415 
27, 4,  0.001066442,  0.034040525,  0.034046031,  0.034744529 
27, 5,  0.001059493,  0.039831131,  0.039835592,  0.040493959 
27, 6,  0.001113883,  0.041517785,  0.041521157,  0.042226629 
27, 7,  0.001090053,  0.039434677,  0.039439027,  0.040092336 
27, 8,  0.001149675,  0.036478800,  0.036483938,  0.037230809 
27, 9,  0.001188660,  0.036119298,  0.036123222,  0.036835309 
27, 10,  0.001106080,  0.036354068,  0.036357385,  0.037062400 
28, 1,  0.001040650,  0.041610310,  0.041615342,  0.042308198 
28, 2,  0.001085300,  0.047473136,  0.047480582,  0.048410256 
28, 3,  0.001537786,  0.052661752,  0.052667826,  0.053365109 
28, 4,  0.001135795,  0.040745698,  0.040749868,  0.041430626 
28, 5,  0.001056679,  0.039534905,  0.039539532,  0.040243028 
28, 6,  0.001046882,  0.042353763,  0.042361439,  0.043172304 
28, 7,  0.001132501,  0.036673615,  0.036679716,  0.037449550 
28, 8,  0.001095073,  0.034472540,  0.034477708,  0.036078387 
28, 9,  0.001055478,  0.054095262,  0.054100718,  0.055021849 
28, 10,  0.001627177,  0.045358152,  0.045361767,  0.045896025 
29, 1,  0.001070288,  0.042391703,  0.042395847,  0.043078028 
29, 2,  0.001078904,  0.043538701,  0.043542760,  0.044187912 
29, 3,  0.001308457,  0.039042362,  0.039047396,  0.039815806 
29, 4,  0.001090962,  0.034438954,  0.034443494,  0.035093598 
29, 5,  0.001052650,  0.040299847,  0.040304239,  0.041010376 
29, 6,  0.001029092,  0.042841244,  0.042845522,  0.043421207 
29, 7,  0.001089104,  0.034121317,  0.034125631,  0.034746767 
29, 8,  0.001074435,  0.039291458,  0.039295808,  0.039961140 
29, 9,  0.001070603,  0.036988972,  0.036993978,  0.037686035 
29, 10,  0.001098544,  0.042218534,  0.042223150,  0.042908387 
30, 1,  0.001056614,  0.035291084,  0.035295367,  0.035887965 
30, 2,  0.001086416,  0.034283396,  0.034287822,  0.034874827 
30, 3,  0.001216450,  0.034150086,  0.034154408,  0.034777255 
30, 4,  0.001259885,  0.042167720,  0.042172123,  0.042891073 
30, 5,  0.001076126,  0.038253915,  0.038259555,  0.038979328 
30, 6,  0.001085001,  0.033889672,  0.033899482,  0.034561232 
30, 7,  0.001056841,  0.036223646,  0.036228498,  0.036922508 
30, 8,  0.001099154,  0.041899996,  0.041908292,  0.042780992 
30, 9,  0.001240858,  0.042668061,  0.042674480,  0.043375018 
30, 10,  0.001074096,  0.037989548,  0.037995981,  0.038791146 
31, 1,  0.001090792,  0.034261417,  0.034266807,  0.034992423 
31, 2,  0.001087721,  0.042264655,  0.042272467,  0.043041406 
31, 3,  0.001153313,  0.043345821,  0.043353632,  0.044145859 
31, 4,  0.001104915,  0.037725948,  0.037731198,  0.038353108 
31, 5,  0.001096981,  0.041008549,  0.041013873,  0.041711584 
31, 6,  0.001107768,  0.034520475,  0.034525297,  0.035313646 
31, 7,  0.001212002,  0.050466166,  0.050473278,  0.051391055 
31, 8,  0.001710929,  0.041600627,  0.041606473,  0.042316960 
31, 9,  0.001074833,  0.039948338,  0.039954437,  0.040758847 
31, 10,  0.001074725,  0.035368102,  0.035372717,  0.036095727 
32, 1,  0.001060575,  0.034334601,  0.034339015,  0.035022842 
32, 2,  0.001122422,  0.038983452,  0.038987753,  0.039634400 
32, 3,  0.001064172,  0.034425302,  0.034429917,  0.035076226 
32, 4,  0.001081595,  0.043813588,  0.043818455,  0.044453694 
32, 5,  0.001063263,  0.034511105,  0.034517138,  0.035092459 
32, 6,  0.001116635,  0.040698775,  0.040703469,  0.041482382 
32, 7,  0.001351215,  0.037766446,  0.037772059,  0.038509867 
32, 8,  0.001198711,  0.036842298,  0.036847007,  0.037437893 
32, 9,  0.001089721,  0.038990507,  0.038994668,  0.039703612 
32, 10,  0.001064445,  0.042645697,  0.042649867,  0.043352502 
33, 1,  0.001091510,  0.036436707,  0.036440963,  0.037151647 
33, 2,  0.001053227,  0.037514825,  0.037520180,  0.038255126 
33, 3,  0.001057448,  0.038549093,  0.038553681,  0.039222362 
33, 4,  0.001080988,  0.034618066,  0.034624431,  0.035317718 
33, 5,  0.001083089,  0.037756494,  0.037761459,  0.038486152 
33, 6,  0.001076733,  0.040532618,  0.040537368,  0.041253658 
33, 7,  0.001055944,  0.034412688,  0.034416922,  0.035145387 
33, 8,  0.001067000,  0.035144575,  0.035148857,  0.035767115 
33, 9,  0.001056174,  0.034741107,  0.034745721,  0.035445595 
33, 10,  0.001081854,  0.035794742,  0.035802570,  0.036564476 
34, 1,  0.001133948,  0.034065045,  0.034070462,  0.034761456 
34, 2,  0.001069758,  0.040157028,  0.040161312,  0.040861847 
34, 3,  0.001097766,  0.034400012,  0.034404462,  0.035166810 
34, 4,  0.001142908,  0.036918792,  0.036923845,  0.037737947 
34, 5,  0.001221701,  0.034342298,  0.034347877,  0.035003280 
34, 6,  0.001093235,  0.034395950,  0.034404028,  0.035132204 
34, 7,  0.001097672,  0.032299167,  0.032304094,  0.033016672 
34, 8,  0.001084149,  0.032675183,  0.032679142,  0.033352596 
34, 9,  0.001093305,  0.038036233,  0.038040798,  0.038742477 
34, 10,  0.001132988,  0.038207346,  0.038212228,  0.038961073 
35, 1,  0.001290362,  0.044278430,  0.044284207,  0.044982492 
35, 2,  0.001180468,  0.040830725,  0.040835537,  0.041552560 
35, 3,  0.001082260,  0.043079815,  0.043084528,  0.043782480 
35, 4,  0.001075728,  0.040336770,  0.040340952,  0.041001581 
35, 5,  0.001080357,  0.044800784,  0.044805285,  0.045487172 
35, 6,  0.001061875,  0.035964331,  0.035968557,  0.036675270 
35, 7,  0.001088662,  0.042028165,  0.042033054,  0.042712017 
35, 8,  0.001047323,  0.034243168,  0.034247445,  0.034969115 
35, 9,  0.001059706,  0.032225968,  0.032230953,  0.032972562 
35, 10,  0.001176461,  0.034163412,  0.034168705,  0.034911000 
36, 1,  0.001361615,  0.034273710,  0.034278122,  0.034968618 
36, 2,  0.001090505,  0.032371638,  0.032377161,  0.033069943 
36, 3,  0.001094354,  0.034162033,  0.034166515,  0.034925095 
36, 4,  0.001086348,  0.034265819,  0.034269935,  0.034917702 
36, 5,  0.001083688,  0.032795606,  0.032800062,  0.033479806 
36, 6,  0.001117822,  0.034548518,  0.034552569,  0.035205614 
36, 7,  0.001053962,  0.034161008,  0.034166180,  0.034905172 
36, 8,  0.001065068,  0.033964912,  0.033970001,  0.034635528 
36, 9,  0.001056576,  0.034793622,  0.034801116,  0.035581496 
36, 10,  0.001101521,  0.034134175,  0.034138868,  0.034797348 
